CBSA_LABEL;NAC3;NAC3_LABEL;TOTAL_UNIT;TOTAL10;WHM1;WHM2;WHM3;WHM4;WHM5;WHM6;WHM7;WHM8;WHM9;WHM1_2;WHF1;WHF2;WHF3;WHF4;WHF5;WHF6;WHF7;WHF8;WHF9;WHF1_2;BLKM1;BLKM2;BLKM3;BLKM4;BLKM5;BLKM6;BLKM7;BLKM8;BLKM9;BLKM1_2;BLKF1;BLKF2;BLKF3;BLKF4;BLKF5;BLKF6;BLKF7;BLKF8;BLKF9;BLKF1_2;HISPM1;HISPM2;HISPM3;HISPM4;HISPM5;HISPM6;HISPM7;HISPM8;HISPM9;HISPM1_2;HISPF1;HISPF2;HISPF3;HISPF4;HISPF5;HISPF6;HISPF7;HISPF8;HISPF9;HISPF1_2;ASIANM1;ASIANM2;ASIANM3;ASIANM4;ASIANM5;ASIANM6;ASIANM7;ASIANM8;ASIANM9;ASIANM1_2;ASIANF1;ASIANF2;ASIANF3;ASIANF4;ASIANF5;ASIANF6;ASIANF7;ASIANF8;ASIANF9;ASIANF1_2;AIANM1;AIANM2;AIANM3;AIANM4;AIANM5;AIANM6;AIANM7;AIANM8;AIANM9;AIANM1_2;AIANF1;AIANF2;AIANF3;AIANF4;AIANF5;AIANF6;AIANF7;AIANF8;AIANF9;AIANF1_2;NHOPIM1;NHOPIM2;NHOPIM3;NHOPIM4;NHOPIM5;NHOPIM6;NHOPIM7;NHOPIM8;NHOPIM9;NHOPIM1_2;NHOPIF1;NHOPIF2;NHOPIF3;NHOPIF4;NHOPIF5;NHOPIF6;NHOPIF7;NHOPIF8;NHOPIF9;NHOPIF1_2;TOMRM1;TOMRM2;TOMRM3;TOMRM4;TOMRM5;TOMRM6;TOMRM7;TOMRM8;TOMRM9;TOMRM1_2;TOMRF1;TOMRF2;TOMRF3;TOMRF4;TOMRF5;TOMRF6;TOMRF7;TOMRF8;TOMRF9;TOMRF1_2;i;SUMCOUNT;MISSCOUNT;SMALLEST;INDEX
Atlanta-Sandy Springs-Roswell, GA;445;Food and Beverage Stores;394;50408;26;232;99;7574;49;45;664;701;213;1403;19;414;369;8775;283;;599;300;432;664;5;66;76;6125;52;14;475;762;267;624;;139;241;9302;146;;440;325;379;444;;9;14;1125;9;;147;169;56;164;;11;40;1422;27;;127;107;45;78;7;78;28;619;12;;69;57;24;65;;158;85;950;40;;59;54;55;24;;;;43;;;3;;;4;;;3;74;;;7;;;3;;;;23;;;;4;;3;;3;4;48;;;3;;;3;;7;13;595;5;;28;23;12;27;;13;37;646;5;;24;7;15;21;141;25;39;;
Atlanta-Sandy Springs-Roswell, GA;452;General Merchandise Stores;281;60430;24;97;103;2301;1393;289;284;514;2196;678;8;174;282;6094;1451;29;174;216;4989;665;;40;86;3394;2802;313;563;1396;1362;507;;117;332;11829;2786;33;660;1347;1853;708;;3;18;473;229;49;82;143;347;72;;8;41;1617;285;9;58;103;527;76;;42;29;268;146;23;9;49;125;30;;90;62;994;121;15;10;43;153;29;;;;22;17;;4;8;23;8;;;;62;15;;;;45;5;;3;;15;19;3;;;16;;;4;6;52;19;;;3;21;6;;3;9;180;114;17;26;67;97;28;;13;22;572;127;;19;53;172;49;141;19;27;;
Atlanta-Sandy Springs-Roswell, GA;541;Professional, Scientific, and Technical Services;590;113594;2768;18835;2020;2323;2380;419;645;636;237;8106;1032;12572;881;1321;7063;27;139;717;457;4703;143;3854;689;465;1502;166;778;442;261;1076;106;4409;506;551;5311;39;291;303;333;1297;87;1316;177;148;315;67;126;136;30;447;33;1017;118;169;792;4;52;82;44;299;330;6975;186;152;247;23;92;44;33;2315;86;3575;113;76;486;5;31;39;51;716;4;48;9;4;17;;3;;;17;;44;14;7;43;;4;;;15;5;63;9;5;14;5;6;9;;21;;35;3;3;37;;5;;3;13;18;529;97;67;96;12;43;38;17;141;14;465;48;82;417;;15;10;31;140;141;12;12;;
Atlanta-Sandy Springs-Roswell, GA;561;Administrative and Support Services;333;90759;970;4997;943;3173;1318;1600;581;953;2969;3505;477;4189;200;1759;3176;36;179;296;1880;2272;74;1394;366;1364;1551;614;1057;2434;7919;828;78;2339;220;1501;4360;28;997;1297;8694;1025;55;469;127;1023;658;270;179;1119;1071;371;34;385;33;631;1251;10;159;524;1417;288;50;1186;130;379;178;35;71;75;132;330;23;860;41;177;261;3;36;189;57;180;;14;5;45;10;6;3;12;34;6;;11;3;31;22;;3;12;29;12;;11;;27;7;4;5;9;38;12;;9;;20;20;;;8;21;8;15;183;30;257;81;40;24;89;240;112;5;202;9;232;240;3;42;52;252;106;141;8;9;;
Atlanta-Sandy Springs-Roswell, GA;622;Hospitals;78;95263;245;3817;1849;4;437;273;107;19;809;779;295;22124;5063;24;3894;29;83;4;1770;1842;30;2221;1825;;741;194;675;54;1771;343;123;13358;6246;22;6724;13;1372;53;4960;971;11;266;143;;52;24;20;4;108;25;7;1104;404;;419;;41;;355;52;17;594;173;;41;10;25;;55;41;12;2406;468;;170;;30;;146;76;;14;7;;8;;3;;6;;;97;33;;44;;;;18;4;;33;25;;4;;;;3;4;;139;40;;23;;;;17;;;172;106;;101;4;3;;101;19;;830;299;3;377;;9;;195;39;141;21;37;;
Austin-Round Rock, TX;334;Computer and Electronic Product Manufacturing;59;53076;532;11810;1917;3011;1404;208;375;7;18;3276;141;4533;265;938;1397;8;172;;12;1173;22;684;287;208;317;22;148;;5;129;6;355;73;66;437;;127;;;83;38;2039;746;429;598;120;392;4;9;454;13;943;138;162;641;11;343;;5;192;96;5406;272;283;177;24;245;;4;720;26;2180;105;80;335;10;299;;;206;3;57;20;8;14;;4;;;11;;22;;7;18;;3;;;3;;21;11;13;12;;8;;;;;11;4;;6;;8;;;4;;277;77;94;58;6;23;;;47;3;139;13;32;76;;9;;;19;141;24;33;;
Baltimore-Columbia-Towson, MD;541;Professional, Scientific, and Technical Services;371;59679;1035;16693;2205;545;693;459;379;197;726;4535;382;7068;584;245;2457;24;43;25;1761;2163;45;2457;528;55;346;165;159;194;325;435;42;1840;271;61;1012;29;16;54;671;344;22;836;107;21;57;75;13;73;67;165;10;405;42;6;119;5;4;11;133;85;107;2208;147;17;74;19;13;30;8;442;22;1243;69;16;123;;4;;14;212;;51;12;;;;;;4;7;;27;;;9;;;;21;;3;45;10;;5;;;;;9;;32;10;;9;;;;;8;11;438;40;13;33;12;10;15;7;53;4;265;15;9;83;6;;;27;59;141;25;28;;
Baltimore-Columbia-Towson, MD;622;Hospitals;57;81638;243;4745;1737;;525;317;63;28;814;922;421;21098;5170;8;4020;46;46;67;1548;2190;30;1307;1412;;653;99;87;91;2126;224;111;6378;4977;19;5055;34;65;157;4346;739;3;201;99;;32;14;3;;58;33;8;652;276;;254;;6;3;150;56;22;1138;426;;88;16;13;10;121;83;20;2821;650;;250;9;5;10;195;99;;38;14;;4;;;3;6;4;;96;51;;34;;;;23;7;;42;14;;;;;;5;;;63;13;;6;;;;11;4;4;171;79;;32;4;3;;43;16;3;606;208;;140;;;5;87;34;141;23;34;;
Boston-Cambridge-Newton, MA-NH;334;Computer and Electronic Product Manufacturing;195;51635;923;13213;2369;2512;661;701;1279;133;63;4899;206;5305;455;913;1638;59;721;79;13;1637;5;420;223;85;57;28;133;7;4;75;3;166;29;27;64;;37;5;;27;22;600;329;151;90;51;373;35;6;138;4;220;76;63;149;23;344;40;;46;83;3505;505;199;59;151;826;90;7;600;17;1610;153;83;93;56;799;71;3;200;3;26;12;6;3;;3;;;7;;17;3;;6;;;;;3;;23;9;3;;;6;4;;6;;8;;;;;;3;;;4;131;42;30;11;3;21;;;35;;78;12;14;20;;10;;;12;141;17;30;;
Boston-Cambridge-Newton, MA-NH;445;Food and Beverage Stores;314;58849;34;305;12;11019;302;67;1830;530;6105;2189;14;304;54;10976;897;31;467;67;5233;941;;16;;1056;10;4;270;75;1030;77;;21;;1201;29;3;45;24;881;45;;12;;2340;36;14;587;407;828;255;;6;4;2881;141;;262;93;868;92;;15;7;738;14;3;70;28;356;39;;37;10;933;37;;33;20;390;22;;;;41;;;10;3;26;6;;4;;47;3;;5;;28;6;;;;13;;;;;12;;;;;21;;;;;9;;;6;;182;4;;26;8;181;24;;5;;210;11;;5;;170;12;141;29;43;;
Boston-Cambridge-Newton, MA-NH;541;Professional, Scientific, and Technical Services;720;171644;4624;38352;3197;5702;4016;463;846;484;323;15928;2160;26478;1596;2754;11079;26;440;111;475;11014;53;1568;555;189;625;14;112;41;27;326;25;1339;190;92;1528;;33;11;34;296;108;2050;453;256;528;25;161;63;59;531;49;1536;183;115;1069;3;119;43;58;437;415;8803;383;315;453;13;204;26;45;2776;191;6526;349;152;880;8;150;26;35;1621;8;72;14;12;7;;3;;;24;3;53;3;5;28;;;;;11;;60;11;5;15;;3;;;14;;31;;5;19;;;;;10;48;784;109;92;170;3;27;4;4;224;12;687;47;55;395;;6;4;13;183;141;18;19;;
Boston-Cambridge-Newton, MA-NH;561;Administrative and Support Services;217;51143;599;3549;579;944;1191;644;479;386;4622;2004;289;3353;164;871;2666;35;66;90;1689;1602;8;345;81;53;227;29;161;210;3608;131;15;267;35;71;455;10;23;82;2269;73;24;271;90;61;202;92;373;943;4953;299;8;261;11;52;417;17;245;670;4100;142;27;541;32;22;142;12;22;99;375;148;12;432;10;33;211;4;14;64;212;123;;7;3;;3;6;;4;28;;;19;;;12;;;;25;5;;9;;;8;;;;27;;;10;;;7;;;;9;;5;78;6;15;35;4;24;152;291;39;4;65;;17;89;;4;169;180;17;141;26;26;;
Boston-Cambridge-Newton, MA-NH;621;Ambulatory Health Care Services;272;52729;487;3585;945;105;576;36;97;114;568;1098;525;11177;3371;154;5115;;21;36;3799;2279;28;395;199;11;192;;12;27;464;46;64;1438;634;15;1025;;;11;3403;180;23;239;115;11;158;8;12;22;238;54;91;777;376;17;1067;;;30;2576;163;29;699;99;;63;;;19;61;132;25;1214;229;4;310;;;3;518;135;;11;5;;;;;;;;;17;13;;14;;;;16;8;;11;11;;3;;;;3;;;21;11;;3;;;;5;;4;63;34;6;33;;;7;31;15;6;130;71;9;138;;;6;227;26;141;22;40;;
Boston-Cambridge-Newton, MA-NH;622;Hospitals;108;170349;455;14376;3362;;1405;949;164;101;3380;2431;550;55105;11037;47;12585;8;45;16;7171;5921;14;990;1020;;651;64;70;43;2606;208;11;3292;1904;10;4236;;23;20;5097;494;7;1015;517;;431;80;69;38;1432;160;7;2272;1263;;2782;3;21;15;2656;325;19;3717;572;;238;19;16;3;417;160;11;5799;1267;6;995;;3;4;802;309;;23;10;;11;5;;;24;3;;85;32;;44;;;;30;6;;17;11;;;;;;7;;;76;14;;21;;;;33;3;4;345;111;;57;6;5;4;131;27;3;848;268;;395;;5;;298;63;141;13;32;;
Boston-Cambridge-Newton, MA-NH;623;Nursing and Residential Care Facilities;276;55378;203;810;252;20;234;201;131;189;2511;780;337;5637;1364;128;1993;25;47;225;8803;2275;7;524;373;;87;16;52;239;4145;244;16;1810;1118;7;472;16;61;385;10828;452;4;116;46;3;28;38;34;57;876;88;10;415;136;3;241;10;32;66;3311;144;;73;17;;14;4;11;6;194;26;9;387;64;;59;;9;6;721;73;;;3;;;;;;14;;;18;6;;5;;;;45;6;;4;;;;;;11;18;;;16;3;;;;;3;51;8;;31;7;;6;;;41;107;16;3;99;28;5;39;4;;8;364;32;141;29;35;;
Charlotte-Concord-Gastonia, NC-SC;522;Credit Intermediation and Related Activities;83;52982;824;8073;1638;466;2065;;420;;13;4324;412;5808;626;184;3575;;189;;6;2798;39;1348;254;66;1611;;215;;13;487;39;2169;216;50;5119;;139;;;706;26;455;78;29;351;;38;;;182;16;368;25;20;550;;14;;3;194;48;1506;916;12;181;;53;;;556;24;1049;417;6;303;;64;;;228;4;31;11;;15;;;;;23;;38;;;36;;;;;11;;12;3;;;;;;;6;;12;;;12;;;;;;9;202;50;7;155;;18;;;69;4;185;22;7;354;;9;;;53;141;20;53;;
Chicago-Naperville-Elgin, IL-IN-WI;311;Food Manufacturing;285;60733;862;2153;405;1206;443;1187;2377;1087;486;3407;236;1950;237;559;1395;63;754;680;695;2185;19;144;89;56;119;291;2443;1951;412;339;17;262;74;53;222;49;1011;1051;522;238;44;351;282;122;378;1079;5973;4683;633;932;16;371;264;132;798;129;2826;4679;851;403;27;310;67;27;51;49;356;397;78;298;8;298;43;19;94;12;124;352;85;233;;3;;;;9;17;11;6;8;;9;;;;;5;12;3;12;;7;5;;3;5;21;36;4;10;;9;;;6;;4;9;4;6;6;93;14;10;24;18;93;97;40;105;;103;7;13;45;;28;67;53;75;141;15;17;;
Chicago-Naperville-Elgin, IL-IN-WI;445;Food and Beverage Stores;427;65072;84;424;188;9237;252;147;2042;782;3295;1940;26;521;632;11303;904;54;588;275;3506;1459;3;37;24;2499;61;18;762;288;1132;226;;40;95;3709;137;3;121;76;1063;220;4;39;57;3507;113;72;909;498;1406;533;;31;143;3643;160;9;145;163;1064;287;;72;51;678;20;4;74;31;183;85;;96;114;805;26;;13;10;195;47;;;;41;;;7;7;16;7;;5;3;53;6;;6;3;18;3;;3;;37;;;6;;8;5;;3;;33;;;;;7;;;4;9;467;16;4;48;35;96;40;;9;13;433;13;;16;8;96;18;141;10;27;;
Chicago-Naperville-Elgin, IL-IN-WI;452;General Merchandise Stores;422;75486;11;287;167;4749;2015;264;327;1076;1583;1173;10;383;576;13781;2194;112;144;635;1819;1164;;45;46;2354;1851;105;93;753;878;233;;87;182;8284;1581;6;77;494;1138;348;;42;96;2988;1092;151;253;759;932;311;;50;301;7909;1023;18;95;455;1105;267;;74;38;947;307;32;35;112;209;87;;120;126;2162;229;26;20;94;160;67;;;;29;17;;;7;11;5;;;;75;10;;3;3;8;;;3;;24;7;;;7;14;3;;;4;67;12;;;4;6;8;;7;6;238;130;13;20;71;85;26;;10;17;546;113;;5;37;81;19;141;18;27;;
Chicago-Naperville-Elgin, IL-IN-WI;522;Credit Intermediation and Related Activities;202;62692;1199;9631;148;1037;2399;16;32;18;69;4896;470;6901;65;641;6131;;8;;15;3675;33;775;15;184;691;;3;;18;295;18;1507;10;682;2987;;4;;18;641;37;949;25;539;889;7;4;5;27;417;20;1196;8;1735;2488;;;;17;780;72;2426;64;49;369;;4;;;890;31;1756;26;51;746;;3;;;616;;13;;;10;;;;;4;;16;;7;20;;;;;9;6;33;;7;14;;;;;15;;27;;4;20;;;;;9;9;178;5;41;112;;;;;79;3;158;3;67;263;;;;;61;141;21;47;;
Chicago-Naperville-Elgin, IL-IN-WI;524;Insurance Carriers and Related Activities;199;59974;984;8950;376;1684;1798;8;9;11;20;4361;460;11004;191;1343;4533;;;;6;3864;21;728;30;351;439;;;;;245;25;2472;43;541;2409;;;;;576;25;783;41;580;473;;3;;;240;12;1415;19;987;1391;;;;;291;61;1611;92;88;158;;;;;469;22;1703;72;90;359;;;;;361;3;15;;6;3;;;;;10;;32;3;7;14;;;;;6;;22;;3;6;;;;;6;;25;;3;13;;;;;;9;202;7;22;59;;;;;62;3;324;7;28;173;;;;;57;141;16;57;;
Chicago-Naperville-Elgin, IL-IN-WI;541;Professional, Scientific, and Technical Services;770;166434;5103;32443;2919;3646;3112;595;553;271;261;15099;2258;22539;1157;2083;9823;37;79;242;814;11544;93;2088;443;246;821;77;323;309;52;567;96;2419;251;225;3032;9;123;213;104;769;133;2685;560;247;797;160;390;380;97;864;77;2165;242;331;2294;10;313;390;197;757;641;9030;350;271;415;10;69;13;11;3686;214;5366;170;145;633;;28;14;26;1678;5;61;15;10;18;3;;5;;35;;40;;10;28;;;;4;20;7;106;23;11;11;;;;;36;3;50;5;13;23;;;;;31;34;733;70;125;131;8;28;36;7;206;33;639;36;480;334;;4;31;21;194;141;14;17;;
Chicago-Naperville-Elgin, IL-IN-WI;561;Administrative and Support Services;538;156521;1092;4818;1880;1121;2162;1878;1270;2917;5947;3514;548;5785;522;938;5998;369;256;1199;4705;2965;41;754;378;146;860;312;1928;6013;7837;390;42;1381;237;264;3704;116;706;3189;8723;479;51;589;529;125;852;878;4969;17137;5678;826;55;713;137;139;2356;120;3717;13886;6158;564;41;1126;150;29;238;112;127;439;490;306;17;888;39;45;416;121;71;254;270;207;;21;19;;14;27;161;142;62;14;;38;6;6;43;21;131;60;51;10;;18;31;3;31;;51;130;68;4;;65;4;3;38;6;42;9;151;6;12;121;95;26;104;37;92;322;462;61;8;136;26;21;308;31;35;382;447;51;141;9;6;;
Chicago-Naperville-Elgin, IL-IN-WI;621;Ambulatory Health Care Services;368;85521;320;4046;1860;138;462;76;285;44;1663;846;264;16057;3302;317;4837;6;210;288;8088;1868;25;465;311;20;219;13;110;52;942;113;47;2685;1131;42;2293;;204;310;9628;428;18;373;430;12;244;15;67;33;438;101;19;1519;1161;41;2191;;104;89;3536;218;23;1566;376;3;112;;26;7;502;87;16;2925;489;12;389;;18;24;1692;144;;17;14;;5;;4;;10;;;57;15;;11;;;;36;;;129;21;;6;;5;;28;4;;148;13;;21;;;;138;3;7;176;61;3;32;;12;18;145;18;;423;123;;171;;12;109;439;35;141;17;28;;
Chicago-Naperville-Elgin, IL-IN-WI;622;Hospitals;193;181431;471;8430;3078;27;902;962;149;135;2250;2415;497;47238;11663;65;10183;30;111;82;6584;5323;32;1449;1759;5;634;171;96;180;2759;306;64;6838;4618;39;5453;13;127;135;6620;918;33;1259;1066;;490;235;77;101;1578;243;32;5779;3746;23;4080;;54;52;3658;502;49;3925;1496;;224;43;43;36;676;392;30;10447;2176;5;954;12;18;10;1059;504;;37;19;;3;;;;23;6;;100;40;;28;;;;25;7;;152;62;;11;;;;28;19;;347;54;;47;;;;30;26;4;270;139;;49;13;;7;110;37;3;812;359;;306;;4;;249;61;141;26;28;;
Chicago-Naperville-Elgin, IL-IN-WI;623;Nursing and Residential Care Facilities;443;68275;227;661;141;33;161;210;154;293;2123;598;336;4592;1080;224;1843;28;92;407;8080;1849;20;483;172;7;96;60;47;191;2573;267;67;2832;1505;26;703;47;122;724;11508;681;12;174;80;5;64;100;66;206;2104;148;23;772;382;17;509;9;68;385;6481;266;17;798;176;;75;25;28;85;1387;94;28;3156;526;6;300;4;26;103;2714;383;;10;4;;;;;;27;;;60;11;;13;;;5;83;5;;18;6;;4;;;5;50;5;;94;25;;11;;;7;94;6;;15;7;;5;3;5;4;78;16;4;95;24;;34;;19;22;298;21;141;17;24;;
Chicago-Naperville-Elgin, IL-IN-WI;722;Food Services and Drinking Places;817;81451;328;547;48;186;138;211;203;336;9467;2186;137;703;14;307;534;9;30;267;13298;1840;12;68;4;96;45;67;191;276;5661;288;6;102;;270;120;13;69;231;6990;322;37;111;26;59;61;96;237;648;15106;841;15;137;4;161;197;6;39;402;11692;539;15;58;;5;19;15;43;83;953;164;10;65;;16;39;;11;49;1092;140;;;;;;;;3;137;7;;3;;;;;;3;93;6;;3;;;;;;8;90;14;;;;;;;;;114;6;6;5;;4;10;6;7;16;820;58;4;11;;15;18;;;10;1064;70;141;29;35;;
Cincinnati, OH-KY-IN;622;Hospitals;78;59507;339;5140;1215;3;501;335;117;12;1267;715;269;22590;4776;38;5673;10;198;7;3543;2032;12;354;280;;161;30;19;5;559;39;24;1574;806;3;1613;;13;6;1797;149;7;115;31;;7;;;;30;6;;274;60;;88;;5;;75;11;14;609;53;;15;;;;58;10;6;856;87;;65;;3;;119;24;;8;4;;3;;;;5;;;28;6;;13;;;;8;5;;11;3;;3;;;;4;;;19;10;;5;;;;4;3;;39;22;;10;;3;;28;3;4;178;58;;58;;;;78;13;141;19;47;;
Cleveland-Elyria, OH;622;Hospitals;95;63301;114;6832;1649;14;423;346;95;68;762;953;73;21817;5087;;4727;21;5;23;2251;1972;3;286;368;;208;59;36;70;978;77;3;1795;1759;;2622;5;7;27;2097;220;;188;70;;32;18;5;5;110;13;;501;218;;251;;;;261;26;5;871;63;;19;;;;32;33;;1212;136;;72;;;;76;44;;15;5;;4;;;;;3;;52;10;;14;;;;24;;;29;13;;6;;;;61;5;;29;16;;9;;;;7;;;100;39;;13;3;;4;35;7;;271;127;;140;;;;99;12;141;36;50;;
Dallas-Fort Worth-Arlington, TX;452;General Merchandise Stores;375;76703;23;158;199;4096;3224;492;562;1439;1456;1153;8;190;555;9433;3150;54;159;557;1132;998;;100;91;2279;2562;217;210;1426;897;318;;142;288;7258;2175;12;110;1012;819;359;;24;138;2444;1982;276;332;1110;913;378;;35;326;6939;2180;31;207;719;904;327;;121;119;844;633;29;76;210;188;74;;153;207;2138;528;19;37;77;172;63;;;;55;52;10;8;20;28;16;;5;8;133;60;;5;10;12;12;;;3;33;37;7;4;26;10;6;;4;8;91;57;;;10;11;6;;7;12;254;205;19;22;109;51;40;;11;44;534;178;;9;71;75;37;141;12;19;;
Dallas-Fort Worth-Arlington, TX;522;Credit Intermediation and Related Activities;249;80149;1143;7589;273;1349;3987;16;72;11;78;4585;499;5201;97;729;7893;6;18;;25;3317;40;1423;68;190;3044;5;58;;15;576;43;2161;56;136;9603;;28;;8;889;57;1423;87;276;2342;;23;5;37;673;46;1224;36;203;5075;;12;;7;635;121;3879;230;72;737;;27;;4;1165;32;2582;219;56;1031;;10;;;493;9;48;;6;45;;;;;28;;50;;9;122;;;;;21;3;32;;;30;;;;;14;;27;;;50;;;;;11;5;224;12;27;249;;11;;;107;6;215;10;20;586;;;;;91;141;31;43;;
Dallas-Fort Worth-Arlington, TX;524;Insurance Carriers and Related Activities;175;54842;440;5455;165;995;1848;4;3;373;6;2356;178;7084;192;655;5418;;;41;;2193;11;1209;39;260;1273;;;45;;308;6;3372;134;258;6570;;;7;;687;10;978;33;213;951;;;56;4;294;11;1502;58;270;2744;;;;;333;16;1180;41;73;207;;;;;216;6;1138;34;64;439;;;;;161;;58;;9;24;;;5;;13;;66;;12;79;;;;;20;;24;;5;20;;;;;4;;23;3;;41;;;;;5;;240;12;39;224;;;6;;68;3;385;6;59;668;;;4;;77;141;23;53;;
Dallas-Fort Worth-Arlington, TX;541;Professional, Scientific, and Technical Services;536;118987;2403;21093;1992;2301;1804;326;511;141;264;8543;916;12858;649;1306;6158;30;161;92;305;4959;51;2564;521;161;1143;88;484;211;57;597;49;2447;268;134;3966;18;186;330;116;622;109;2798;573;219;770;314;349;481;82;750;63;1818;205;188;2191;48;276;373;151;550;393;9953;287;467;388;38;129;305;3;4143;83;4568;121;90;530;18;103;409;28;840;9;129;14;9;18;7;7;5;;51;6;103;3;11;60;;3;5;6;25;;69;9;4;11;4;7;;;29;;53;;6;13;;;5;;18;33;734;85;49;93;18;27;13;5;182;12;446;42;31;314;7;14;14;11;121;141;8;10;;
Dallas-Fort Worth-Arlington, TX;561;Administrative and Support Services;422;105685;949;4233;788;2299;2082;727;523;1040;5131;2854;441;3748;376;3409;5780;47;259;235;2148;2262;41;721;304;542;2051;544;588;1426;6572;455;41;1280;270;1012;7593;102;442;596;5419;630;107;668;329;392;1209;1942;634;2652;4535;583;51;738;127;808;3400;170;398;1137;6233;463;49;870;93;93;325;40;32;152;674;309;25;717;75;96;552;7;19;105;353;169;4;29;17;29;18;22;6;37;114;14;3;32;8;53;75;;4;23;174;15;3;21;;9;11;;9;15;61;6;;14;3;10;60;;3;6;34;10;10;328;29;114;211;52;29;76;285;61;3;1024;19;216;654;5;31;18;203;71;141;3;5;;
Dallas-Fort Worth-Arlington, TX;621;Ambulatory Health Care Services;267;50046;431;4044;1302;146;472;12;56;99;294;840;239;7286;2588;251;3703;;22;554;1742;1799;21;600;395;23;311;;30;81;287;112;20;2828;1603;30;2258;;41;458;1821;372;20;481;481;24;257;10;14;21;186;133;19;1023;966;31;2209;;6;121;1248;241;19;1115;207;3;77;;9;4;53;102;16;1356;349;11;278;;;7;122;88;3;17;21;;8;;;;5;11;;42;28;;38;;;7;17;13;3;58;11;;5;;;;;11;;72;20;;20;;;;11;14;13;127;62;11;33;;4;;24;23;8;196;155;10;248;;;8;149;42;141;20;29;;
Dallas-Fort Worth-Arlington, TX;622;Hospitals;154;92654;519;4185;2209;74;388;161;66;42;774;1186;603;22491;5176;298;4627;4;9;19;1994;3543;26;1156;1095;14;253;39;48;24;955;214;54;5309;3010;34;2723;;21;39;2802;676;39;823;848;12;287;64;69;28;686;239;43;3268;1905;27;2964;;18;27;2091;525;21;1399;616;;53;16;9;5;169;140;28;5059;984;4;282;;;4;308;294;;36;27;;6;;3;;14;14;3;184;66;;44;;;;48;24;;25;16;;4;;;;6;5;;61;20;;24;;;;19;10;7;135;96;;24;5;3;;35;40;4;627;234;5;294;;;4;160;90;141;18;27;;
Dallas-Fort Worth-Arlington, TX;722;Food Services and Drinking Places;863;77654;275;379;23;108;196;63;736;191;8246;2049;107;344;3;125;672;3;569;465;11172;1265;17;83;3;45;82;16;992;142;4735;339;8;64;;74;191;;970;74;5991;258;25;101;17;59;222;46;1159;584;13200;833;15;96;5;92;319;4;1449;469;11696;505;16;47;;4;33;8;84;10;900;117;5;57;;20;57;;60;11;941;62;;5;;;4;;4;;135;12;;3;;;3;;7;7;168;12;3;8;;;7;;10;4;93;10;;;;4;5;;8;;107;7;3;7;;3;34;;146;23;845;53;;12;;6;88;;132;34;1165;57;141;17;27;;
Denver-Aurora-Lakewood, CO;541;Professional, Scientific, and Technical Services;361;59471;1361;15558;1824;1741;1274;185;233;227;574;5338;516;9085;956;829;3483;17;56;436;622;3011;22;427;85;77;164;7;15;33;73;108;3;275;43;31;331;;;24;61;62;68;1125;272;178;221;88;63;300;165;268;27;682;127;93;713;;11;141;104;141;50;1564;94;48;65;6;3;10;12;458;24;869;64;28;148;;;9;15;174;3;62;14;8;11;;3;5;17;18;5;44;7;3;26;;;13;16;14;;43;7;6;5;;;;11;10;;15;5;;12;;;;6;7;17;408;80;58;60;9;10;17;69;82;5;277;52;24;152;;;31;61;53;141;15;19;;
Detroit-Warren-Dearborn, MI;336;Transportation Equipment Manufacturing;304;165499;1865;35717;6266;874;1299;8618;13528;3377;256;13540;327;10218;790;304;1804;319;4204;1509;120;3626;48;2306;631;61;245;1054;12584;2354;216;780;24;1489;164;53;275;136;8896;1609;152;449;66;2230;200;55;55;218;707;216;60;680;15;708;55;13;80;16;326;142;48;197;191;8427;290;45;82;94;451;192;17;1646;22;2592;76;11;81;7;117;77;14;370;4;109;20;;10;60;118;16;;39;;45;3;;5;8;49;11;;9;5;79;5;;3;16;37;13;;19;;25;;;;;19;4;;4;11;669;87;13;15;41;291;60;5;92;;214;28;10;20;;153;39;;25;141;15;16;;
Detroit-Warren-Dearborn, MI;541;Professional, Scientific, and Technical Services;353;81493;1724;17756;3238;865;1224;2108;2185;630;107;6211;792;9892;690;597;4461;147;648;556;357;3800;46;1252;451;61;342;218;884;457;38;288;39;1488;209;80;1325;55;589;363;165;387;49;731;167;45;67;54;114;31;14;192;31;376;37;105;192;6;40;15;43;121;184;5272;1006;113;137;14;28;14;4;1061;36;2254;173;51;165;;7;8;19;332;3;64;11;4;4;6;17;4;;17;;37;3;4;22;;13;8;5;8;3;33;8;;;6;;3;;9;;20;;22;14;;;;3;;7;305;64;18;47;30;25;50;;65;3;212;19;38;85;5;17;49;10;47;141;13;15;;
Detroit-Warren-Dearborn, MI;561;Administrative and Support Services;210;50938;397;3295;601;467;1504;1130;996;1288;3505;1572;263;2581;102;288;3792;67;264;619;1866;1071;18;372;149;199;744;440;666;1988;3804;269;30;608;105;263;3195;96;346;1213;3830;353;15;179;80;45;111;155;89;777;374;100;12;139;24;29;339;11;30;421;283;48;39;793;23;19;94;16;26;100;161;99;15;372;14;8;125;3;9;73;56;76;3;17;4;3;8;8;15;29;19;7;;13;;;29;;8;8;13;4;;5;;;3;;4;5;9;;;4;;;11;;;;;;3;74;12;19;50;23;21;58;211;25;;64;10;17;158;;6;48;140;17;141;15;19;;
Detroit-Warren-Dearborn, MI;622;Hospitals;69;91678;260;7364;1856;4;381;566;62;76;2021;1265;274;29954;6942;24;5037;24;28;55;6278;2285;14;625;456;3;233;128;33;71;1352;112;46;4209;1760;7;2637;11;19;82;4943;327;10;219;66;;23;16;;5;88;25;10;687;191;;199;;;8;300;48;37;1504;184;;33;13;;;163;186;13;3131;339;;110;;11;;347;146;;21;5;;3;;;;18;;;102;28;;20;;;;37;6;;48;7;;;;;;11;;;84;20;;6;;;;28;;;177;33;;15;5;;;67;15;3;464;121;;118;;;4;222;26;141;28;42;;
Houston-The Woodlands-Sugar Land, TX;452;General Merchandise Stores;273;55574;3;45;92;2028;1356;287;231;589;610;517;4;91;250;5227;1301;28;80;250;515;508;;54;51;1896;1765;215;175;802;518;316;;101;232;6499;1672;23;48;344;800;366;;14;122;2647;1757;265;372;1218;753;343;;50;402;7753;2192;30;186;533;954;351;;79;78;702;323;25;30;100;145;66;;144;144;1810;232;14;18;66;111;52;;;;41;26;;3;6;8;8;;;3;82;29;;;;8;7;;;;23;13;3;;12;7;;;;6;96;23;;;3;8;9;;3;7;185;122;24;22;71;40;31;;15;19;413;92;3;8;36;39;34;141;16;26;;
Houston-The Woodlands-Sugar Land, TX;541;Professional, Scientific, and Technical Services;503;102450;2269;17977;4851;873;1254;1674;1017;486;55;7279;649;8965;964;391;4256;70;175;92;133;3220;66;1835;835;55;569;390;495;221;34;506;38;2084;259;37;2290;17;61;32;82;521;239;3481;1858;118;772;2676;681;1131;58;1021;51;2217;431;71;2543;71;103;118;149;598;305;5996;546;121;262;110;65;8;16;2226;89;3325;265;37;441;17;7;3;13;732;6;111;43;4;7;37;14;19;;38;4;53;7;3;33;;;;3;15;;65;16;3;10;4;8;3;;21;;38;3;;22;;7;;;7;24;495;147;14;58;34;52;95;3;113;7;374;36;24;195;5;18;18;6;70;141;10;11;;
Houston-The Woodlands-Sugar Land, TX;561;Administrative and Support Services;267;74868;578;3420;773;623;1397;674;842;786;2749;1848;169;2774;169;536;2786;23;279;229;1714;1155;18;580;180;145;908;216;742;1408;6102;342;10;969;156;348;3693;15;422;458;7409;421;58;803;247;99;646;2400;1302;2643;3444;530;32;758;52;180;1823;90;252;1045;4463;335;30;761;113;29;225;22;109;173;321;176;9;589;49;24;317;;30;69;119;95;;31;9;;12;4;3;11;46;9;;21;4;4;25;;5;3;34;5;;16;8;;17;;11;6;16;7;;12;;5;37;;5;;20;3;7;209;36;27;166;33;40;77;307;73;5;177;11;34;319;;17;18;317;65;141;13;13;;
Houston-The Woodlands-Sugar Land, TX;622;Hospitals;131;103216;162;3756;1436;27;232;212;66;30;569;1097;147;17456;3545;76;1868;72;72;16;849;2553;8;1638;1362;17;422;99;134;78;1488;321;22;8713;4199;66;4108;25;61;21;4195;1121;16;1380;1234;12;349;229;97;78;936;329;10;5390;3038;51;2863;36;34;14;2652;578;18;3538;1380;8;149;91;43;16;479;274;11;10083;1738;10;396;15;9;4;546;572;;24;30;;3;4;;;7;7;;106;32;;18;;;;22;19;;105;39;;10;3;;;22;6;;241;38;;20;;;;18;16;;126;112;15;19;;;;44;24;;581;197;;115;;4;;79;51;141;14;26;;
Houston-The Woodlands-Sugar Land, TX;722;Food Services and Drinking Places;710;63865;135;248;65;68;64;36;304;83;5410;1161;33;262;6;116;293;;193;93;6939;723;6;54;9;51;35;34;238;284;4956;335;7;70;3;83;141;4;168;475;6004;352;18;116;35;89;53;78;252;414;13026;679;10;79;8;145;245;32;112;557;13130;541;8;39;3;8;6;8;27;16;670;110;;45;;10;35;;3;14;737;65;;;;;;;;;93;10;;;;;;;;5;99;4;;3;3;;;;4;7;68;5;;;;;3;;3;5;86;4;;10;4;8;11;;16;65;982;90;;6;;83;22;;14;20;1081;64;141;23;33;;
Kansas City, MO-KS;541;Professional, Scientific, and Technical Services;194;53277;934;14619;1356;959;1582;300;596;101;80;4469;408;9110;474;549;4225;36;78;34;121;2510;10;769;75;72;269;26;197;35;14;101;6;754;43;60;899;;24;6;6;105;18;692;82;58;129;14;47;5;8;117;9;435;39;38;312;;6;5;4;94;31;2129;49;27;73;8;10;;;242;11;1051;31;16;157;;;19;3;100;3;52;10;5;6;3;6;;;8;;49;;;29;;;;;7;;23;7;3;6;;6;;;8;;18;;;8;;;3;;;4;312;32;39;53;10;12;;6;50;;199;10;19;130;;;;5;28;141;27;31;;
Las Vegas-Henderson-Paradise, NV;721;Accommodation;129;153826;863;750;845;943;1039;2805;550;596;15488;3847;376;663;100;1472;2846;314;281;172;12201;2482;46;113;81;200;302;281;134;246;4881;424;31;136;8;445;1072;55;59;86;5742;416;85;205;244;292;677;1247;541;1156;20354;1273;82;252;25;1072;2242;146;306;454;23183;1224;68;231;148;212;517;405;191;206;8714;754;85;298;11;944;1456;151;85;79;10458;816;;5;18;6;22;34;8;8;284;34;;11;;21;64;;6;5;246;16;8;33;26;31;82;121;66;43;1057;125;7;26;5;110;254;17;10;9;788;132;20;94;43;126;186;167;55;80;1877;239;22;68;7;228;433;27;32;30;1845;223;141;6;4;4;91
Los Angeles-Long Beach-Anaheim, CA;336;Transportation Equipment Manufacturing;162;61715;454;10591;1448;346;511;1659;940;238;98;3178;81;2866;159;62;769;99;138;32;16;778;10;665;251;28;146;250;235;120;44;181;5;404;61;5;188;16;43;14;8;98;49;2610;1934;113;981;2988;3330;1954;153;815;12;1053;462;32;1006;263;1160;633;57;269;75;4724;808;49;299;1105;1039;397;22;796;12;1797;156;25;350;71;286;133;;370;;53;20;3;6;32;16;11;;21;;22;;;10;3;;;;3;3;109;54;6;28;60;47;40;5;17;;38;10;3;22;6;16;7;;8;4;524;127;15;58;93;94;44;13;77;;195;22;9;55;9;14;4;4;39;141;13;12;;
Los Angeles-Long Beach-Anaheim, CA;445;Food and Beverage Stores;832;88616;129;291;26;6912;239;126;807;268;1202;1140;54;290;81;6719;522;9;112;145;756;687;4;20;3;1742;35;37;355;79;320;165;5;15;12;1746;68;6;41;46;199;105;56;187;69;13814;868;532;4037;1320;5054;2366;27;155;96;14537;1351;36;1540;529;3718;1239;61;164;38;1826;116;17;199;269;1580;306;27;253;69;2029;258;4;33;54;781;226;;3;;104;3;3;20;;11;13;;5;;112;14;;8;5;15;8;;5;;170;4;;12;8;32;14;;4;;119;8;;;3;19;10;;5;7;940;13;5;53;55;192;44;;12;5;930;49;;15;37;113;36;141;14;16;;
Los Angeles-Long Beach-Anaheim, CA;452;General Merchandise Stores;530;93069;23;94;118;4024;804;123;252;886;1020;679;23;207;283;8502;816;93;70;630;1424;893;;20;21;1374;507;43;96;387;505;159;;23;71;2974;456;6;26;248;512;176;37;101;278;9129;2310;351;1535;2775;3095;1056;10;145;619;20968;2574;50;567;2312;3512;1106;5;146;101;1608;382;49;128;311;423;174;5;265;179;3189;321;39;21;240;460;208;;;;76;22;;;13;27;9;;3;3;136;27;;;20;19;6;;6;7;136;34;4;9;34;55;24;;6;11;272;44;;;18;49;26;20;14;9;490;166;17;26;113;147;65;11;37;23;944;147;7;15;87;207;62;141;14;14;;
Los Angeles-Long Beach-Anaheim, CA;522;Credit Intermediation and Related Activities;261;52035;750;3274;265;1530;1704;29;65;21;25;2259;312;2363;86;664;3351;5;17;;8;1623;21;279;36;196;491;8;9;3;8;181;16;397;8;61;1214;;9;;5;234;76;1185;103;625;3212;11;31;34;26;788;55;1386;35;354;6657;;16;;12;921;238;2063;354;379;1622;10;24;3;6;1218;119;2098;131;234;3129;;23;4;;1131;;18;;9;20;;;;;14;;20;;5;44;;;;;11;6;60;8;39;82;;4;;;44;6;45;;13;143;;;;;37;21;232;22;117;234;;5;7;;126;18;159;6;70;421;;4;;;102;141;23;32;;
Los Angeles-Long Beach-Anaheim, CA;524;Insurance Carriers and Related Activities;236;57038;633;3929;461;1168;1401;;;;5;2028;390;6391;451;757;3965;;;;9;2304;21;442;81;111;432;;4;;3;158;21;1190;176;115;2046;;;;;353;57;1394;277;428;1713;4;7;;21;487;41;2580;324;481;5914;;;;43;809;84;2447;259;201;807;;;;7;853;60;2961;207;203;1687;;;;7;751;3;37;4;4;22;;;;;10;;58;3;7;55;;;;;10;3;70;5;18;71;;;;;32;6;151;9;11;232;;;;;43;15;285;43;70;194;;;;5;87;9;441;79;68;571;;;;5;129;141;14;45;;
Los Angeles-Long Beach-Anaheim, CA;541;Professional, Scientific, and Technical Services;879;169632;3061;24594;2756;5322;3007;991;703;369;609;9408;1239;13309;1057;6061;6652;70;157;97;570;5416;58;1840;353;1180;638;196;196;207;210;507;66;1605;168;1313;1772;24;57;95;119;455;237;5305;1747;867;2051;1355;958;1133;626;1671;150;3513;707;884;5425;233;372;593;667;1208;607;13117;1114;477;1282;165;293;87;79;3675;305;8176;587;439;2612;64;88;38;83;2156;7;123;28;31;27;15;11;5;7;35;4;77;22;50;43;;5;11;4;31;16;271;65;31;73;18;26;9;20;93;11;184;12;49;158;4;;;6;56;66;1518;217;487;295;75;70;57;41;378;40;1195;126;677;684;13;16;5;77;300;141;4;3;3;117
Los Angeles-Long Beach-Anaheim, CA;561;Administrative and Support Services;557;165810;797;2733;557;1278;2969;598;473;978;6456;1986;389;2572;325;1218;5826;33;165;378;1777;1558;30;305;121;236;868;287;524;1102;9184;268;28;702;235;354;3733;22;399;457;6431;235;112;920;766;580;2775;2080;2751;14573;20467;1255;67;1482;430;576;6469;183;1256;6893;16489;777;118;1059;212;184;936;72;177;160;2198;410;61;1066;189;240;1693;11;77;102;671;421;6;18;7;7;47;9;15;34;181;6;;29;;12;96;;3;14;70;13;3;41;15;19;82;12;27;54;332;30;;89;6;16;216;;16;16;119;34;40;300;77;179;662;2123;176;1926;4044;89;24;300;21;150;971;125;109;769;2377;103;141;6;5;;
Los Angeles-Long Beach-Anaheim, CA;621;Ambulatory Health Care Services;486;105515;376;3551;1932;133;670;170;73;27;468;1134;354;8930;2538;202;3318;9;21;35;1655;1990;16;535;526;11;315;29;53;4;461;167;41;2369;1293;25;1946;3;22;7;1335;442;64;1513;2611;78;1526;353;199;102;1972;526;86;5456;5212;208;9092;7;130;55;7056;1217;107;4244;2062;31;627;103;72;6;793;607;121;10067;2819;51;1805;;27;12;1295;896;;20;29;;16;4;;;7;13;;92;53;;118;;;;46;18;6;235;179;7;68;13;3;;64;44;4;477;170;;193;;;;88;67;13;279;238;9;118;5;11;5;96;76;15;820;377;25;545;;4;49;245;144;141;13;16;;
Los Angeles-Long Beach-Anaheim, CA;622;Hospitals;129;147852;327;3809;1995;5;780;214;87;27;917;1188;389;18678;3496;22;6711;44;47;7;1627;3038;31;650;546;;463;55;81;69;758;151;51;2840;880;;3271;19;128;37;1554;497;74;2129;2792;;1610;496;211;175;4309;531;83;8402;3896;17;8401;102;222;97;8602;991;92;6229;2978;;705;160;83;36;1604;502;86;20140;3694;3;2170;22;88;21;2463;1133;;42;34;;15;3;14;;25;4;3;162;62;;62;;23;;43;16;;345;222;;58;8;10;5;98;28;7;834;183;;162;;25;;103;66;24;509;266;;125;17;10;8;204;63;21;1595;391;;597;7;6;6;347;144;141;12;17;;
Los Angeles-Long Beach-Anaheim, CA;623;Nursing and Residential Care Facilities;373;56712;171;373;174;27;100;51;53;46;567;269;183;1288;514;116;626;3;22;28;1814;591;15;270;162;13;56;8;7;23;817;90;31;680;643;12;238;;11;28;3287;202;52;506;388;15;214;178;140;269;4221;408;98;1733;1389;71;1513;6;224;321;13998;662;33;846;907;10;191;40;39;51;1611;205;119;2452;2156;22;642;;13;48;3452;624;;9;;;8;;;;23;;3;31;11;;14;;;;87;7;12;117;117;;32;7;5;5;234;22;26;212;263;;86;;;4;452;81;4;49;43;;37;5;5;3;171;22;6;159;109;4;82;;5;3;574;75;141;12;19;;
Los Angeles-Long Beach-Anaheim, CA;713;Amusement, Gambling, and Recreation Industries;242;76394;358;2139;416;656;562;1245;406;535;5912;1797;140;1823;134;1427;1324;588;115;215;6591;1195;32;227;36;136;88;139;58;59;1040;122;6;171;7;156;161;68;32;23;936;77;65;658;193;690;833;1061;375;1071;9263;600;27;1018;87;1664;1485;217;174;272;10468;436;51;594;79;339;195;132;196;81;3046;340;22;523;24;574;300;56;93;59;3421;324;;9;3;11;6;13;3;13;83;14;;7;;25;15;6;;;78;8;;42;7;10;18;18;8;10;205;21;;36;5;30;34;8;;8;180;16;12;196;13;123;79;64;55;56;809;77;;194;13;189;163;64;27;13;956;74;141;9;9;;
Los Angeles-Long Beach-Anaheim, CA;722;Food Services and Drinking Places;1091;114418;433;391;35;151;263;47;71;445;9930;1809;199;439;3;165;457;3;15;298;10281;1122;23;54;10;38;42;18;57;202;2998;185;15;52;;77;104;3;21;114;3131;118;107;251;75;193;256;259;792;2173;31491;1706;53;230;18;360;519;62;245;1415;25412;1118;100;187;43;45;94;212;67;99;2626;538;50;224;4;35;215;50;29;90;2425;407;;;;;;;;4;171;10;;;;;4;;;4;138;6;8;9;3;6;9;;5;23;457;46;3;13;;;23;;;17;401;24;17;40;4;24;25;5;14;79;2026;153;13;43;;24;71;3;6;69;2164;141;141;19;20;;
Miami-Fort Lauderdale-West Palm Beach, FL;445;Food and Beverage Stores;362;51539;22;151;5;5380;22;37;492;75;201;786;6;198;;5318;45;;278;23;219;376;;36;;6274;30;71;768;200;330;364;;51;;7381;34;;405;150;204;205;;109;8;7074;44;72;863;277;278;640;;148;;8153;108;27;491;210;378;324;;33;;420;;;29;4;13;36;;56;;566;3;;17;5;7;13;;;;46;;;10;;;3;;;;51;;;;;;4;;;;39;;;4;3;3;;;;;71;;;;;;;;5;;329;;;15;6;38;13;;13;;272;;;12;4;26;8;141;21;55;;
Miami-Fort Lauderdale-West Palm Beach, FL;541;Professional, Scientific, and Technical Services;301;65019;839;5951;554;1095;3534;113;151;64;69;2161;297;4352;344;1328;8450;7;30;9;210;1498;28;865;185;145;827;33;163;109;36;207;28;1245;145;266;3176;;21;41;45;257;285;3126;545;333;1787;82;222;124;61;1097;134;2651;267;520;4872;;64;60;153;1003;70;1122;78;39;1334;;5;;;427;24;652;50;68;2405;;;;;149;;21;4;;37;;;;;8;;27;4;6;78;;;;;;;24;3;4;40;;;;;8;;32;;5;80;;;;;5;25;238;31;52;311;7;7;10;5;78;11;245;19;61;734;;;;13;71;141;28;35;;
Miami-Fort Lauderdale-West Palm Beach, FL;561;Administrative and Support Services;294;86854;666;1974;409;719;1159;636;328;451;2247;1294;298;3572;233;714;2321;42;118;120;718;918;29;673;190;413;2440;565;580;1887;7200;559;32;3113;413;622;7512;13;543;561;5995;565;164;1410;324;670;1798;828;1072;2291;5927;1076;111;1851;219;686;4070;32;853;1383;4284;634;21;342;88;21;75;14;18;19;124;73;7;750;134;20;184;;9;16;66;48;;15;3;;14;3;;8;34;7;;29;;;27;;;;18;7;;15;6;7;25;;;7;25;10;;16;4;5;35;;;;14;4;9;74;25;44;210;47;12;75;323;50;5;115;10;64;551;3;17;73;172;67;141;16;17;;
Miami-Fort Lauderdale-West Palm Beach, FL;622;Hospitals;85;66154;92;2339;907;14;240;126;35;10;325;543;104;8337;1835;26;1727;3;9;;533;1375;4;973;1005;;205;62;46;19;1130;162;18;5554;2444;7;2002;6;3;5;3071;575;38;2984;2149;4;583;217;85;24;1103;523;70;8333;3104;30;3376;12;4;8;1639;1081;6;714;220;;46;12;7;;75;65;10;1913;279;4;158;;;;105;171;;18;5;;;;;;4;;;37;14;;11;;;;10;3;;14;10;;;;;;;4;;59;10;;8;;;;15;3;;93;63;;12;;;;34;12;;377;92;;103;;;;60;40;141;20;41;;
Miami-Fort Lauderdale-West Palm Beach, FL;722;Food Services and Drinking Places;551;56283;114;121;8;30;30;23;33;86;5626;914;42;91;;42;121;4;12;32;6709;471;3;31;;55;33;49;172;296;8244;270;;19;;233;74;7;31;199;6371;188;44;118;26;20;89;56;440;561;9891;829;20;123;6;112;232;13;95;272;9423;403;9;17;;;;;7;12;371;58;;10;;9;8;;3;8;278;26;;;;;;;;;49;3;;;;;;;;;41;3;;;;;;;;6;97;9;;;;;;;;;79;4;4;6;3;;;4;;10;706;58;;4;;4;10;;;10;723;44;141;33;49;;
Minneapolis-St. Paul-Bloomington, MN-WI;524;Insurance Carriers and Related Activities;117;68404;691;11411;196;876;2840;15;10;16;18;4673;480;18572;358;569;7994;;8;;20;5773;11;570;23;28;313;;;;3;113;11;1658;30;20;1580;;;;12;216;19;411;10;19;142;;;;;124;7;839;12;22;557;;3;;;171;20;1605;63;15;260;;;4;;419;10;1725;115;16;780;;;;4;325;;39;3;;13;;;;;11;;81;6;3;57;;;;;17;;18;;3;7;;;;;6;;37;3;;17;;;;;8;9;248;3;15;94;;;;;65;5;407;8;13;299;;;;;84;141;20;52;;
Minneapolis-St. Paul-Bloomington, MN-WI;541;Professional, Scientific, and Technical Services;302;71346;1648;17960;2443;2600;1203;355;617;260;70;6341;729;12259;1095;1571;4520;15;244;151;199;4436;11;629;137;128;87;15;152;288;;115;11;437;34;59;224;;90;143;;88;44;493;124;126;61;17;56;203;;179;13;429;50;60;141;;69;214;11;125;77;2313;194;61;110;41;306;78;;623;25;1427;117;46;241;4;210;66;4;271;;103;8;14;7;;;6;;17;;69;3;9;27;;;5;;12;;23;8;5;;;;;;7;;18;;;7;;;;;3;16;284;36;36;36;;22;21;;50;8;228;20;30;103;;5;23;4;47;141;33;30;;
Minneapolis-St. Paul-Bloomington, MN-WI;622;Hospitals;102;65737;166;4455;1824;;507;270;130;34;1439;721;186;24585;5757;31;5117;5;7;21;4370;2127;;491;397;;104;6;25;24;1065;36;;1099;467;;625;;3;11;2225;63;;101;73;;23;6;5;4;171;16;;356;159;;236;;;5;372;25;5;398;189;;56;6;4;6;483;23;;1279;387;;403;;;;888;50;;20;13;;3;;;3;27;;;98;40;;56;;;;68;11;;4;4;;;;;;13;;;19;9;;9;;;;13;5;;102;45;;27;;;;67;7;3;381;139;;176;;;;196;30;141;27;49;;
Nashville-Davidson--Murfreesboro--Franklin, TN;622;Hospitals;52;52437;1045;5992;1767;8;566;145;20;29;571;1720;675;17175;4308;13;3680;5;22;;1154;2427;26;416;308;;201;24;;5;394;77;41;1635;1088;;1460;;;;892;249;38;217;62;;28;;;;22;44;26;446;166;;134;;;;55;50;17;664;108;;34;;;3;17;54;14;809;207;;113;;;;44;58;4;22;8;;5;;;;5;8;3;58;20;;14;;;;5;3;;9;3;;3;;;;;3;;37;6;;4;;;;3;4;10;85;36;;10;;;;19;22;3;233;79;;82;;;;30;22;141;11;49;;
New York-Newark-Jersey City, NY-NJ-PA;325;Chemical Manufacturing;265;95404;1851;6693;727;5426;501;816;1284;318;94;8236;893;8896;437;6465;2947;36;478;63;15;8216;48;583;235;361;131;181;1059;398;70;473;48;1106;137;375;570;12;322;85;14;647;122;914;339;423;257;639;2706;891;130;855;82;1348;323;522;851;79;3081;807;81;894;314;3579;383;198;177;160;1517;201;30;2361;158;4027;297;266;407;9;492;264;61;2096;5;15;5;24;;10;44;6;9;18;;26;;21;10;;13;21;;16;;33;8;15;3;4;24;5;124;36;;48;8;14;16;;49;;4;49;12;158;20;111;16;19;73;12;10;106;14;207;16;118;58;3;25;;8;135;141;12;10;;
New York-Newark-Jersey City, NY-NJ-PA;424;Merchant Wholesalers, Nondurable Goods;274;53545;895;1590;242;4821;738;172;1819;1152;126;3190;424;2160;34;3189;2222;65;125;206;24;2510;21;193;81;502;311;61;1876;2011;71;297;12;274;5;304;560;7;73;160;12;204;74;342;119;1368;542;220;3619;3318;185;751;36;485;10;805;1235;55;362;1179;62;412;102;457;45;331;241;49;158;323;22;468;43;743;14;183;525;123;61;126;25;413;;4;;10;12;;27;26;;4;;8;;21;17;;;;;5;5;8;3;12;7;;14;24;;9;;13;;9;13;;3;;;7;11;52;;95;53;5;109;122;;54;11;101;;84;91;3;12;18;;77;141;16;21;;
New York-Newark-Jersey City, NY-NJ-PA;445;Food and Beverage Stores;749;109173;268;879;59;6523;1254;923;4020;5407;8241;2676;91;794;117;6567;1299;402;4240;4027;7089;1256;7;112;17;2665;188;137;1545;2272;3162;370;5;150;10;3013;302;55;1460;1102;2402;186;30;147;140;2881;351;379;2060;4614;3890;727;14;187;25;2508;442;148;1498;2318;3109;264;27;172;24;790;67;39;315;419;655;207;;239;33;797;100;12;211;219;567;85;;6;;46;;;18;27;60;12;;;;56;7;;20;26;55;7;;8;;22;4;3;22;38;45;;;5;;33;3;;33;29;28;3;;24;;262;49;17;122;197;612;70;;30;;375;40;9;152;115;416;48;141;17;19;;
New York-Newark-Jersey City, NY-NJ-PA;448;Clothing and Clothing Accessories Stores;424;56139;440;746;6;1952;407;101;20;284;137;1319;456;2302;6;4916;1379;115;44;305;176;2953;16;211;11;3015;389;28;51;718;236;224;20;365;20;5905;599;10;33;479;409;385;45;282;21;4072;410;98;50;593;308;358;39;463;14;7619;662;42;76;778;362;532;38;261;6;830;152;52;7;72;46;323;61;627;7;1696;339;71;23;110;29;545;;10;;33;4;;;13;;9;;7;;89;12;;;6;5;10;;8;;49;12;;;12;5;8;;15;;73;18;;;8;3;28;9;52;;486;61;3;8;47;34;88;6;151;;1067;107;6;5;39;72;141;141;13;19;;
New York-Newark-Jersey City, NY-NJ-PA;452;General Merchandise Stores;672;121166;140;482;224;6203;1525;338;860;1531;1464;1703;131;1670;422;17986;2035;166;416;1067;1347;2557;8;90;71;6207;1732;121;717;1902;1665;569;12;257;186;13831;1432;22;208;1223;1680;753;11;145;88;5301;1119;168;1020;1484;1323;658;31;290;221;14157;1544;46;392;1722;1437;772;7;185;49;1916;318;44;119;341;295;239;19;383;87;4967;371;45;47;330;297;370;;;4;110;25;;14;26;20;7;;7;;294;29;;;39;19;13;;4;4;66;18;;6;18;16;8;;6;5;179;11;;5;7;11;13;3;31;12;500;139;26;69;150;123;71;4;93;18;1110;158;5;29;99;129;94;141;8;11;;
New York-Newark-Jersey City, NY-NJ-PA;519;Other Information Services;140;50446;709;10378;447;2094;420;132;208;5;64;3543;361;6357;107;1964;967;3;20;;89;2476;25;758;106;191;230;28;141;;137;190;18;825;65;150;531;;43;;122;226;22;1099;102;226;224;24;84;6;73;266;9;798;37;219;410;;32;;22;225;72;5184;217;227;127;10;23;;43;994;45;2653;64;297;292;;;;36;560;3;13;;3;;;;;;6;;9;;5;6;;;;;3;;32;7;;7;;;;;8;;22;;;8;;;;;3;14;463;31;74;34;;10;;19;113;5;361;14;74;91;;;;25;108;141;23;40;;
New York-Newark-Jersey City, NY-NJ-PA;522;Credit Intermediation and Related Activities;354;120845;3563;17486;399;3118;2557;26;55;5;83;12817;1223;9778;106;1376;6393;;14;;12;8102;94;1734;65;187;623;;23;;56;859;70;1993;20;146;2603;;7;;23;1041;209;2480;67;399;902;10;26;10;66;1288;76;2237;25;274;2621;;4;;19;1155;647;9120;499;491;895;;21;;14;6074;206;6406;150;348;1621;;9;;;3409;3;38;;9;6;;;;;22;;29;;;32;;;;;15;;61;3;7;20;;;;4;25;;39;;6;48;;;;;27;39;504;12;78;107;;4;;5;245;19;392;3;41;312;;;;3;231;141;21;40;;
New York-Newark-Jersey City, NY-NJ-PA;523;Securities, Commodity Contracts, and Other Financial Investments and Related Activities;360;125257;5329;25386;147;7040;2476;5;83;8;50;14534;1068;10612;29;1644;4887;;52;3;11;5332;93;1755;31;186;458;;10;;15;629;42;1387;9;70;1347;;24;;;560;209;2674;39;465;502;;13;6;37;912;49;1688;8;166;1436;;18;5;11;535;675;11702;108;873;524;;8;;6;4543;218;6694;38;440;915;;18;;5;2192;;37;;8;7;;;;;32;;14;;;15;;;;;14;3;62;;6;7;;;;;23;;43;;;11;;;;;15;40;667;7;88;68;;;;;214;15;445;;42;190;;;;;124;141;16;46;;
New York-Newark-Jersey City, NY-NJ-PA;524;Insurance Carriers and Related Activities;376;92389;2745;12179;384;2024;1943;11;10;8;53;8113;1089;13366;161;1064;7082;;;;27;5927;106;1327;42;277;812;;6;6;87;489;97;3360;57;290;3715;;;;101;1071;115;1290;51;450;729;5;19;;39;610;89;2080;30;654;2743;;;;48;731;316;3171;154;348;546;;4;;3;1697;150;3405;43;481;1221;;;;11;1344;;32;;6;12;;;;;13;;41;;;42;;;;;14;;40;;;10;;;;;21;4;58;;3;20;;;;;20;16;302;4;31;102;;;;;118;12;382;;26;316;;;;;112;141;26;50;;
New York-Newark-Jersey City, NY-NJ-PA;541;Professional, Scientific, and Technical Services;1628;373444;10929;60618;4157;6184;7073;506;776;712;403;27469;5533;46092;2297;4431;19735;32;167;414;629;22718;248;5394;1101;562;3041;149;501;316;872;1668;295;6358;569;497;7177;17;87;70;570;2255;473;7061;1143;578;2765;164;427;337;556;2430;331;6596;567;481;6667;27;145;187;576;2556;2233;28264;1466;706;1847;37;177;67;138;11789;907;18954;897;390;3339;6;101;34;119;5922;4;127;21;17;33;5;7;6;3;67;10;102;13;19;83;;;;4;60;17;207;27;14;41;;;8;10;86;10;170;7;10;90;;;;4;68;121;2011;271;216;426;6;71;17;248;543;101;1946;126;161;1011;6;10;6;88;621;141;6;8;;
New York-Newark-Jersey City, NY-NJ-PA;561;Administrative and Support Services;794;232770;1902;9438;1717;2825;3579;2861;1171;2346;13687;7093;972;9383;457;3822;9247;331;313;787;4059;6980;96;2055;384;575;2178;537;1927;3091;25838;968;94;3227;333;775;4632;73;1653;1557;12984;1050;168;1572;550;554;1727;981;1350;7765;16988;1388;104;2070;159;792;3932;147;1240;7750;11648;1204;197;2650;256;253;703;87;339;213;3304;1289;109;2709;135;281;1329;58;176;111;1151;1214;6;101;8;11;41;4;20;46;455;34;4;48;;16;71;9;12;12;153;24;3;58;4;8;43;34;12;107;473;16;;45;;11;84;4;10;31;106;22;29;257;57;123;294;66;120;133;1456;184;19;361;45;168;609;7;111;81;646;205;141;3;3;3;93
New York-Newark-Jersey City, NY-NJ-PA;611;Educational Services;333;59666;589;7418;709;309;612;261;84;232;865;1316;684;16250;659;749;2981;62;35;111;2859;2237;49;1064;112;44;278;89;35;144;765;189;77;2193;116;128;903;12;42;75;1282;376;30;792;134;50;321;89;28;283;550;130;52;1866;70;91;1006;22;16;104;1110;231;37;821;140;73;90;4;;18;55;134;46;1503;97;139;326;9;;12;240;179;;10;;4;;;;;;4;;26;;;10;;;;13;3;;27;;;3;;;;7;4;;46;4;3;16;;;;12;5;9;301;37;20;48;4;3;11;37;37;15;603;26;53;111;4;;9;128;97;141;23;26;;
New York-Newark-Jersey City, NY-NJ-PA;621;Ambulatory Health Care Services;727;199978;760;6198;2229;296;1535;219;319;113;1371;1581;691;14072;4594;436;8760;27;83;353;8623;3155;57;1068;1051;22;1571;108;323;206;2805;317;137;5185;2832;52;6534;7;130;1941;31570;1013;77;936;1195;40;1501;129;241;193;1733;366;97;3101;2358;100;8068;10;91;2416;34679;897;88;2500;821;20;862;33;67;19;779;389;78;3917;1312;21;2508;;22;117;6941;524;;34;14;;27;;;;36;7;;57;26;8;110;;;28;352;14;3;114;48;;27;;10;12;28;5;4;161;63;3;114;;3;24;152;27;14;194;105;10;169;9;14;243;121;31;17;418;233;13;725;;14;3014;1422;104;141;7;13;;
New York-Newark-Jersey City, NY-NJ-PA;622;Hospitals;340;376050;1146;19968;6929;30;1880;1818;321;229;5446;4995;1074;74023;13897;70;16665;28;23;52;8339;9723;75;4458;4311;45;2277;593;333;723;10525;1043;135;20071;9223;66;12331;26;103;246;17125;2664;82;3498;3233;3;2106;577;241;328;6141;1016;62;12171;6042;35;10901;26;65;194;8297;1888;110;11013;3476;15;956;204;43;73;1768;1045;94;28336;4104;16;2962;;;18;2187;1657;;71;61;;28;6;5;3;78;20;;272;98;;153;;;3;141;28;;255;117;;24;4;;4;92;27;7;669;185;;118;;;;152;55;14;613;265;;149;36;14;17;356;123;8;1768;514;4;735;;;11;546;173;141;16;18;;
New York-Newark-Jersey City, NY-NJ-PA;623;Nursing and Residential Care Facilities;670;136510;629;1812;418;45;468;410;201;376;3287;1211;717;10073;2220;200;3657;58;126;480;9267;3352;53;1776;631;23;295;173;108;459;9029;608;165;8103;3983;82;1906;47;116;1312;34619;1569;37;597;169;15;236;165;101;320;2841;311;66;2163;713;25;1350;20;73;338;7388;555;37;1014;229;4;167;71;15;139;1403;174;57;3932;580;8;515;6;15;149;2750;552;;28;18;;5;3;;11;68;6;;94;18;4;29;;;15;196;15;;61;32;;12;8;3;19;70;12;5;199;44;6;27;;;4;301;50;4;132;26;;21;4;4;21;230;27;11;361;85;6;100;;;32;619;87;141;13;13;;
New York-Newark-Jersey City, NY-NJ-PA;624;Social Assistance;477;80774;493;1445;96;15;582;98;124;373;2172;785;757;6704;180;33;2260;16;93;229;6341;2395;79;1199;55;8;669;78;148;394;4015;501;166;4613;120;11;2272;44;76;181;12807;1380;59;897;48;11;584;74;93;308;1589;301;114;3782;49;14;2525;11;31;443;6995;886;27;278;17;5;134;11;16;52;295;108;38;852;6;;424;;9;72;2554;232;;8;;;7;;;3;18;6;;37;;;19;;;3;44;5;;7;;;8;3;;3;10;7;;30;;;22;;;6;41;7;6;96;10;;80;6;8;43;374;36;16;346;9;;400;;8;22;946;105;141;18;24;;
New York-Newark-Jersey City, NY-NJ-PA;722;Food Services and Drinking Places;1026;114210;422;322;76;278;155;260;452;404;11522;2144;163;268;9;461;469;96;309;344;13867;1285;19;104;24;202;77;210;601;689;10412;462;6;68;;518;214;76;418;340;9487;313;53;192;27;335;160;281;1116;1389;22118;1047;26;108;18;516;325;112;839;825;14600;462;26;74;3;94;41;57;157;111;3244;277;16;57;3;204;100;47;115;78;1971;169;;;;3;;;14;7;152;13;;3;3;16;7;;6;8;155;4;;5;;3;;4;17;11;181;13;;;;9;6;3;9;11;195;10;9;18;7;29;9;20;273;107;1695;128;6;24;;60;34;10;271;60;1546;88;141;9;15;;
Orlando-Kissimmee-Sanford, FL;561;Administrative and Support Services;187;51364;215;2082;348;375;1432;724;407;685;1954;1421;86;2062;248;380;2850;27;282;330;1048;1040;7;353;93;116;878;315;194;631;1977;182;5;948;245;157;2915;16;429;720;2197;200;27;1199;274;164;996;744;362;1344;3088;375;18;521;414;212;2424;47;336;400;4148;345;9;382;32;21;114;9;27;18;132;89;3;404;31;27;222;;24;14;94;51;;14;;4;14;8;;7;33;3;;13;;3;27;;;7;20;7;;12;;;13;;4;3;26;6;;13;;;27;;;5;12;7;3;64;24;28;119;23;21;57;192;39;5;88;35;22;297;;38;101;150;42;141;13;18;;
Orlando-Kissimmee-Sanford, FL;622;Hospitals;36;50489;103;2358;1116;22;289;181;16;25;645;572;103;10797;2591;65;2134;4;8;16;1305;1643;5;484;489;12;169;48;15;30;830;81;13;2742;1099;36;1260;;7;36;2551;310;7;817;621;16;228;142;20;29;722;124;5;2911;1291;35;1371;;4;17;1251;332;10;732;200;;48;11;;9;108;50;3;1960;323;13;205;;;9;209;153;;23;10;;;;;;14;3;;69;20;4;23;;;;36;7;;21;12;;8;;;;16;4;;101;26;;38;;;;49;9;;206;103;;78;4;4;7;84;20;;646;186;;188;;;5;194;55;141;20;32;;
Orlando-Kissimmee-Sanford, FL;713;Amusement, Gambling, and Recreation Industries;44;97915;233;2505;1504;817;2008;1993;2390;391;12201;4049;127;2281;269;2053;4051;517;831;256;13912;2953;10;184;103;71;167;348;386;78;4360;274;5;122;13;193;435;92;330;16;5827;259;12;487;302;301;553;902;839;185;7048;669;7;423;46;929;1168;280;535;67;8309;513;7;165;36;44;82;95;86;9;701;180;7;148;6;139;174;13;102;;777;123;;7;9;5;6;10;9;4;64;10;;4;;6;22;;10;;66;12;;28;4;;4;10;5;;69;9;;6;;6;13;;4;;65;8;;76;49;23;69;39;47;11;743;62;4;65;6;38;129;26;15;7;878;60;141;10;14;;
Philadelphia-Camden-Wilmington, PA-NJ-DE-MD;325;Chemical Manufacturing;142;51321;804;7462;1615;3478;272;1007;1920;434;93;4524;326;6942;422;3798;1572;79;393;135;27;2862;29;477;294;239;38;125;606;179;12;259;21;709;110;268;208;28;215;54;11;237;38;339;76;271;25;56;193;43;8;222;7;371;28;276;83;18;122;23;4;151;107;1810;177;119;56;49;269;104;;611;35;1519;118;159;102;25;154;122;;420;;20;4;21;;4;5;;;9;;14;;22;5;;;;;9;;13;;11;;3;7;;;4;;12;3;16;3;;;;;5;6;91;25;50;7;7;28;11;;34;8;122;13;42;20;6;15;4;;31;141;17;24;;
Philadelphia-Camden-Wilmington, PA-NJ-DE-MD;522;Credit Intermediation and Related Activities;195;50855;712;6985;249;1044;3101;17;113;23;42;4348;309;5884;107;458;6176;;75;;79;3529;12;903;25;85;1366;;68;;8;318;18;1336;12;77;3869;3;57;;17;480;7;376;13;71;329;;26;;4;151;7;355;6;44;854;;15;;11;172;25;1882;110;30;270;;19;;;823;14;1301;59;26;481;;9;;;348;;19;;;6;;;;;7;;18;;;31;;;;;7;;16;;;8;;;;;6;;10;;4;11;;;;;4;5;145;7;19;130;;4;;;59;;154;;20;345;;;;3;53;141;21;50;;
Philadelphia-Camden-Wilmington, PA-NJ-DE-MD;541;Professional, Scientific, and Technical Services;528;98907;2683;21067;2685;1731;1919;363;444;239;245;8077;1236;15456;1142;1267;7423;32;159;244;756;5721;54;1376;431;78;554;87;160;518;168;283;34;1645;305;92;1809;17;93;428;223;382;53;859;202;73;189;92;147;215;141;267;32;729;101;79;535;11;79;150;270;211;222;4389;253;82;242;13;30;30;24;1343;84;3082;180;57;354;8;21;20;61;568;;37;16;6;5;;3;9;;23;4;26;6;3;25;;3;;3;10;5;28;39;5;7;;;3;;16;;27;28;3;14;;;3;;8;20;338;64;32;78;6;21;33;6;79;10;316;37;28;168;;10;50;21;89;141;12;13;;
Philadelphia-Camden-Wilmington, PA-NJ-DE-MD;561;Administrative and Support Services;328;91601;941;4171;790;694;2523;1635;759;602;4045;3413;469;4079;354;573;5397;182;211;215;2495;2185;44;625;211;110;1260;274;486;706;8021;420;28;1574;403;301;3308;62;271;219;7096;365;38;230;87;41;296;370;266;806;1770;227;19;261;41;42;758;20;135;446;1966;150;25;554;50;11;223;30;62;33;222;151;17;483;30;23;325;8;35;49;143;93;;9;4;;19;11;;7;36;11;;15;;;25;;;;25;6;;13;;;11;;;;11;7;;9;;;14;;;;10;6;6;4192;22;14;120;28;34;43;327;53;3;13732;22;26;274;4;12;30;288;53;141;16;21;;
Philadelphia-Camden-Wilmington, PA-NJ-DE-MD;621;Ambulatory Health Care Services;290;58974;407;2804;1212;175;602;47;88;95;529;956;251;9472;3837;325;4665;60;28;441;2544;2097;18;604;465;12;302;10;190;152;1729;105;27;2812;1718;36;2059;4;71;1005;8698;421;8;135;136;;69;3;27;12;178;48;6;437;437;4;585;;9;62;1516;112;26;477;185;3;74;;8;16;92;94;16;800;281;;162;;;16;226;115;;8;8;;;;;;9;;;16;21;;15;;;;32;7;;16;20;;;;;;;;;23;21;;14;;;;15;7;4;56;51;4;33;;;29;48;18;3;179;132;3;121;;3;313;248;26;141;23;34;;
Philadelphia-Camden-Wilmington, PA-NJ-DE-MD;622;Hospitals;142;146895;407;9482;3122;16;856;774;148;65;2312;2036;488;43360;11096;53;10005;16;19;15;3388;5478;16;1265;1784;;659;104;70;64;3953;291;32;6358;5611;8;6487;11;41;19;5849;943;6;504;346;;142;28;11;9;437;86;6;1599;1083;;1439;;4;3;743;221;26;2211;589;;96;16;3;3;251;130;20;4954;1078;;408;;3;;407;241;;42;17;;6;3;;;19;5;;113;40;;45;;;;32;11;;57;18;;10;3;;;19;3;;140;43;;22;;;;34;11;6;264;103;7;36;4;;;115;25;;781;343;;381;;5;;241;66;141;21;32;;
Philadelphia-Camden-Wilmington, PA-NJ-DE-MD;623;Nursing and Residential Care Facilities;359;72375;319;1347;291;46;201;464;290;419;3468;803;401;6995;1893;175;2310;35;124;101;8644;1922;22;741;355;17;113;110;94;256;6160;357;52;3018;2382;32;1051;32;64;351;18820;815;6;68;20;;15;14;16;56;376;39;9;274;166;11;128;4;12;79;1510;76;4;224;50;;16;18;5;7;262;33;9;798;181;5;77;;5;21;838;82;;5;;;;;;;21;3;;34;11;;18;;;;77;10;;22;;;;;;;45;10;;63;10;;10;;;5;181;5;;50;10;7;7;8;8;5;199;17;;179;65;3;48;;3;11;560;45;141;16;29;;
Phoenix-Mesa-Scottsdale, AZ;522;Credit Intermediation and Related Activities;130;62244;247;4986;654;1170;5079;;247;12;14;3180;108;4083;306;669;9501;;135;;14;2927;6;413;39;201;1574;;27;;;276;;465;17;128;2970;;23;;;306;18;941;89;348;3600;5;59;;26;575;12;1144;37;231;7064;;26;;63;715;3;1472;203;51;298;;38;;;485;5;643;108;40;624;;22;;;275;;32;5;14;121;;;;;21;;53;5;16;349;;8;;;27;;16;;15;64;;;;;17;;25;4;4;131;;;;;13;;202;29;82;559;;17;;6;103;;176;9;53;952;;7;;;93;141;19;46;;
Phoenix-Mesa-Scottsdale, AZ;524;Insurance Carriers and Related Activities;140;50322;213;5432;244;772;3078;7;;5;40;1834;169;8869;355;555;7297;;;4;58;2192;10;569;25;94;666;;;;10;159;6;1432;84;75;2007;;;;8;263;8;952;48;192;1465;3;;;15;235;11;1714;105;173;3756;8;;;37;361;16;571;37;24;150;;;;;116;4;636;43;13;304;;;;;122;;47;8;7;58;;;;;8;;103;15;5;241;;;;;19;;30;;;24;;;;;8;;44;4;;77;;;;;13;;238;13;77;324;;;;;50;4;461;19;53;620;;;;;71;141;30;53;;
Phoenix-Mesa-Scottsdale, AZ;561;Administrative and Support Services;256;57199;367;1752;660;1198;1676;402;999;1345;5346;1517;170;1635;536;1207;3368;65;571;629;1802;992;9;187;80;255;623;85;746;698;1518;138;3;267;108;209;1196;45;325;357;828;109;25;348;355;272;842;401;876;3318;3203;451;19;354;129;316;1897;33;617;1335;2852;318;11;163;46;36;105;8;55;61;328;62;7;146;27;28;155;4;25;47;109;39;;18;12;20;56;17;66;123;173;16;;30;24;31;163;5;51;72;158;14;;8;9;6;24;;40;58;50;7;;9;4;9;48;;25;52;23;8;9;94;24;82;183;16;80;129;343;67;8;85;23;63;345;4;84;85;547;47;141;6;6;;
Phoenix-Mesa-Scottsdale, AZ;622;Hospitals;88;67692;361;4401;1889;11;592;245;178;37;1386;846;462;18557;3862;34;4440;13;200;8;2702;2331;26;320;290;;111;22;50;5;385;57;29;1024;407;;574;;45;3;736;106;31;762;719;;350;80;105;21;1062;174;29;2841;1181;11;2517;;61;5;2983;418;30;767;200;;63;14;4;;165;47;20;2228;300;4;178;;;;393;93;;38;42;;27;7;5;;49;6;;186;159;;182;;7;3;214;15;;27;13;;8;;;;20;6;;74;27;;28;;4;;33;6;6;168;121;;48;5;16;;114;21;7;639;183;;255;;17;;230;58;141;17;30;;
Pittsburgh, PA;622;Hospitals;75;52790;159;3964;1547;23;493;749;132;128;1642;725;229;18933;4801;122;4877;14;75;47;5393;1697;3;166;164;;115;19;34;21;684;27;3;627;373;10;810;;20;5;1527;51;;51;17;;9;3;;;51;;;175;34;;45;;;;91;12;3;212;33;;7;3;;;145;5;;402;86;;56;;;;180;19;;6;;;;;;;7;;;19;5;;17;;;;20;;;;;;3;;;;;;;9;4;;6;;;;4;;;47;17;;8;;;;54;;;181;59;;76;;;;157;9;141;34;60;;
San Diego-Carlsbad, CA;541;Professional, Scientific, and Technical Services;353;65471;1035;12117;1718;834;867;559;263;128;431;3853;421;6735;775;1064;2488;10;71;54;1699;2373;18;828;255;59;177;140;63;78;140;152;11;441;72;106;275;9;4;9;561;83;41;2055;701;120;462;420;210;344;278;434;36;1330;259;145;1008;28;59;57;1008;323;98;4234;847;60;277;186;137;25;52;853;76;3043;546;68;532;11;105;;150;589;3;61;22;8;11;7;8;5;5;17;;56;5;5;27;;;;13;12;6;192;71;8;26;31;20;13;9;37;4;111;19;4;73;;7;3;17;45;19;723;153;54;91;64;42;16;23;116;6;445;61;49;243;;10;;110;98;141;4;8;;
San Francisco-Oakland-Hayward, CA;541;Professional, Scientific, and Technical Services;684;169612;3633;28560;2362;5370;1675;579;159;137;145;11677;1589;18084;1069;2884;3970;28;54;55;184;7330;58;1267;242;259;303;54;104;55;55;358;41;1268;127;231;852;6;55;31;28;353;166;3251;741;366;595;275;170;353;109;921;98;2471;376;274;1457;8;71;19;123;707;1048;20009;1212;730;1046;112;282;118;54;5966;515;15910;792;430;2214;4;231;55;57;3894;3;192;32;18;18;9;3;;4;28;5;85;12;12;34;;;;;20;13;222;61;29;64;18;30;11;7;73;6;236;26;17;162;;27;5;;88;76;1691;167;231;200;38;29;23;12;409;43;1445;117;142;493;;11;10;26;352;141;6;8;;
San Francisco-Oakland-Hayward, CA;561;Administrative and Support Services;204;56720;596;2964;872;522;891;457;258;104;2284;1489;380;2600;172;569;2156;14;109;18;532;1280;38;314;166;67;368;73;143;121;3025;156;49;449;54;58;1650;3;57;28;2649;182;53;477;410;100;293;818;534;1499;3790;391;48;538;65;109;759;19;148;311;3901;249;132;2149;221;74;402;75;390;105;2089;567;95;2147;118;62;860;6;310;90;864;505;;18;13;;3;12;9;;109;11;4;15;;4;21;;;;42;14;;41;26;9;28;11;27;17;264;29;3;44;7;8;71;5;22;4;115;23;16;184;88;32;83;16;29;31;438;90;17;218;16;59;253;4;12;3;325;80;141;7;8;;
San Francisco-Oakland-Hayward, CA;622;Hospitals;83;51892;78;2764;924;;408;189;11;;379;426;102;9360;1582;;1908;;;3;664;989;8;453;311;;143;36;;;563;58;10;1403;585;;1043;;;;794;162;8;411;389;;259;76;9;10;434;73;9;1184;818;;1461;;;3;1087;163;13;2347;899;;542;73;19;6;970;181;24;6823;1540;3;1563;;;;1430;356;;33;17;;6;4;;;14;3;;84;38;;26;;;;27;7;;97;97;;26;10;;;74;12;;249;97;;166;;;;118;29;5;234;133;;83;29;;;93;37;6;715;179;;379;;;;142;62;141;22;45;;
San Jose-Sunnyvale-Santa Clara, CA;334;Computer and Electronic Product Manufacturing;234;130205;1728;21239;1260;3397;431;164;163;27;90;8068;302;6526;247;626;1193;9;124;5;30;2316;15;877;159;107;79;11;54;7;17;185;8;338;23;26;144;;31;;12;103;62;2332;656;260;273;112;612;68;281;769;24;1130;221;76;689;33;466;21;328;336;1013;32987;2592;625;485;159;2056;102;159;6928;213;14019;1259;244;966;120;2289;50;35;2411;8;99;21;10;5;;22;;3;26;;30;3;;13;;6;;4;6;5;151;60;14;23;5;80;7;7;33;;78;18;6;44;;60;;39;24;13;688;96;66;37;7;28;3;15;164;6;337;14;14;93;;15;;10;75;141;12;13;;
San Jose-Sunnyvale-Santa Clara, CA;541;Professional, Scientific, and Technical Services;270;78844;1691;12434;618;3175;486;90;19;7;79;4299;465;4638;215;765;1202;11;14;;91;1923;36;548;65;73;75;3;13;;3;120;24;271;14;19;126;;;;9;60;91;1314;173;220;216;59;26;131;15;381;35;787;72;74;536;3;10;5;32;245;1021;18003;502;669;515;39;303;120;7;5281;273;8421;184;205;995;;216;21;20;1869;6;62;8;9;;;;;;20;;35;;3;15;;;;3;;9;103;11;14;21;3;4;;;31;6;63;4;6;44;;7;;;25;33;523;52;74;59;8;8;;3;151;22;363;19;24;98;;5;;10;89;141;21;25;;
Seattle-Tacoma-Bellevue, WA;541;Professional, Scientific, and Technical Services;390;73336;1591;16172;1920;1658;1825;679;472;133;144;5039;672;9637;1151;787;4369;32;129;72;443;3344;18;581;107;69;194;57;40;23;21;113;11;374;45;32;359;;15;8;11;91;46;895;130;87;215;61;36;79;13;242;23;594;95;53;376;3;13;15;46;150;219;5625;406;216;299;100;48;20;52;1650;78;3939;379;102;607;7;36;22;51;718;9;73;14;;10;14;9;;;18;;62;9;4;35;;6;;;21;;96;22;16;13;14;10;8;3;25;;70;12;13;54;;3;4;4;12;30;693;126;90;135;19;21;11;3;152;21;563;84;45;281;4;7;7;33;146;141;18;11;;
Seattle-Tacoma-Bellevue, WA;621;Ambulatory Health Care Services;260;51999;238;3842;1185;53;699;114;93;52;701;565;315;11343;2724;92;4912;8;28;83;3342;1546;8;245;149;5;118;4;26;79;392;34;15;530;282;6;880;;5;276;1363;98;11;209;148;7;110;9;4;5;174;36;11;544;218;4;732;;;19;1001;106;29;1182;334;6;216;13;25;15;482;95;27;2866;772;7;1190;;;20;1446;189;;27;9;;10;;;;12;6;4;91;42;;68;;;;69;13;;60;52;;22;3;6;3;44;7;;132;82;;215;;7;;172;20;8;174;75;;82;3;4;16;63;25;12;522;181;4;450;;5;50;337;71;141;29;22;;
St. Louis, MO-IL;622;Hospitals;60;65224;180;5322;1401;4;433;467;45;28;1195;1069;268;23489;4239;80;4168;7;7;;4501;2524;7;481;276;4;180;64;29;14;1371;102;20;2016;1041;41;1788;;19;;3473;248;;206;34;;32;7;;3;61;24;9;410;69;3;182;;;;141;48;8;524;57;;20;;;;67;35;5;931;128;;75;;;;230;38;;20;3;;;;;;8;6;;54;9;;14;;;;16;4;;14;4;;;;;;4;;;23;11;;9;;;;9;;;114;44;;23;;;;67;17;;375;84;;101;;;;177;38;141;28;51;;
Tampa-St. Petersburg-Clearwater, FL;561;Administrative and Support Services;176;59243;279;2569;812;638;1180;542;506;2485;4317;1265;158;3400;428;679;3138;39;166;1161;2167;1004;8;349;202;186;565;361;441;2214;3138;152;7;738;199;209;1890;63;172;902;2446;140;25;357;191;135;401;474;364;1599;3120;284;10;411;67;125;1040;32;223;814;3575;217;17;206;35;24;68;27;32;101;456;37;3;224;12;18;117;9;15;34;185;40;;23;13;3;7;5;5;44;42;13;;26;6;3;23;;;23;33;;;9;4;4;6;6;4;20;39;;;15;;;23;;;12;29;3;6;93;31;19;90;28;40;519;228;32;5;86;14;33;236;5;15;543;292;34;141;12;12;;
Tampa-St. Petersburg-Clearwater, FL;622;Hospitals;54;55931;72;3452;2221;11;312;305;39;21;827;589;105;16186;4858;21;2310;10;11;11;1587;1526;6;422;592;;116;29;9;10;592;61;7;2195;1539;;980;3;3;;1479;140;4;675;667;;128;99;4;36;475;67;5;2251;1350;;831;3;;;847;118;6;685;265;;37;13;;;79;31;4;1757;433;;118;;;;157;69;;8;14;;;;;;6;3;;61;23;;12;;;;22;3;;20;18;;;;;;10;;;59;19;;6;;;;21;4;;181;150;;25;7;;4;84;16;;646;314;;122;;;;155;29;141;18;45;;
Washington-Arlington-Alexandria, DC-VA-MD-WV;541;Professional, Scientific, and Technical Services;1883;335925;7221;81636;4551;2939;4411;1150;327;325;1078;22143;3144;46824;1795;1321;12000;62;92;102;1267;14152;396;16072;2033;272;2599;311;312;327;551;2695;360;14391;854;131;7687;22;189;109;624;2906;346;7011;714;210;914;148;94;138;209;1337;144;4789;236;99;2010;19;98;87;331;965;1013;19615;810;257;795;101;54;27;74;4222;431;14033;350;121;1643;13;21;11;63;2636;25;315;46;10;23;12;3;;5;80;7;214;9;8;93;;;3;8;48;16;382;33;5;32;8;12;;5;57;10;232;6;;84;;;;9;42;99;3056;271;75;269;47;20;24;68;502;57;2444;119;39;795;8;4;10;71;527;141;8;8;;
Washington-Arlington-Alexandria, DC-VA-MD-WV;561;Administrative and Support Services;409;89830;662;4311;836;442;1281;1025;361;464;5894;1996;276;6933;508;294;2195;36;166;68;1127;1327;71;1172;414;167;1055;509;990;608;12828;676;67;1374;526;230;2308;35;434;221;7893;541;46;603;193;42;307;439;205;2080;5679;680;28;754;86;25;572;111;101;1001;6901;287;56;986;107;42;264;70;206;26;917;207;29;740;106;23;429;;105;7;259;171;;18;3;3;11;5;17;4;95;11;;21;5;4;15;;6;;36;5;4;38;10;;19;5;5;3;71;6;;26;4;;26;;4;;13;14;7;199;49;24;121;16;36;31;729;83;5;194;27;16;204;4;27;22;257;53;141;8;10;;
Washington-Arlington-Alexandria, DC-VA-MD-WV;622;Hospitals;73;74806;129;3109;1185;3;238;225;18;30;448;515;175;17505;3160;37;1975;7;17;9;1156;1437;17;1566;1859;;598;171;154;21;1912;239;28;8400;3891;10;3928;9;99;7;3391;711;;326;374;;146;63;16;12;295;39;6;1509;938;4;871;5;13;;750;77;12;1397;724;;146;44;11;;203;78;15;4687;1067;;480;;6;;289;159;;11;13;;;;;;9;;;76;34;;21;;;;14;5;;38;24;;7;;;;6;;;155;31;;37;;;;12;3;;73;73;;13;4;;;35;9;4;457;208;;116;;;;105;35;141;27;40;;
Washington-Arlington-Alexandria, DC-VA-MD-WV;722;Food Services and Drinking Places;569;55576;205;268;20;51;49;47;100;91;4345;1150;116;329;;105;169;;62;90;5787;820;23;90;8;34;53;47;401;481;5716;402;11;118;;119;137;10;347;406;7408;324;38;90;6;46;30;52;216;300;8216;441;8;69;;52;73;12;271;480;8255;293;16;78;;8;22;14;139;62;1350;180;7;98;;30;49;;70;52;1572;133;;;;;;;3;5;71;8;;;;;;;;;86;4;;;;;;;21;8;86;10;;;;;3;;9;14;113;6;9;12;10;3;3;3;47;14;889;83;6;9;;32;15;3;54;11;1082;55;141;22;33;;